600
54
1200
301
20
600
348
600
30
1200
990
45
360
771
114
1060
34
600
451
98
147
360
1200
221
120
11
235
0
360
149
600
54
1200
301
20
600
348
600
1200
30
990
360
45
771
114
1060
34
600
451
98
147
360
1200
221
120
11
235
149
360
106
600
54
1200
301
600
20
600
348
30
990
1200
45
360
34
771
114
98
1060
600
451
1200
221
149
147
360
120
28
0
177
11
600
54
1200
301
20
600
348
600
1200
30
990
45
360
771
114
1060
34
451
600
98
147
360
1200
221
120
11
235
360
149
360
600
54
1200
301
348
20
600
600
1200
30
990
45
360
771
1060
114
34
600
451
360
147
98
221
120
1200
11
235
360
48
360
28
106
149
0
600
360
177
69
3600
118
2475
726
278
258
600
1200
1200
380
600
119
120
36
504
69
600
120
120
426
590
391
3600
0
28
106
149
600
360
177
69
380
2475
726
278
118
258
600
1200
1200
600
600
119
120
36
504
69
600
120
43
6
120
3600
0
28
106
149
600
360
177
69
380
2475
726
278
118
258
600
1200
1200
600
600
119
120
36
504
69
600
120
43
6
120
3600
0
28
106
149
600
360
177
69
380
2475
726
278
118
258
600
1200
1200
600
119
120
36
504
69
600
120
43
6
120
426
28
106
149
0
600
360
177
69
3600
118
2475
726
278
258
600
1200
1200
380
600
600
119
120
36
504
69
600
120
120
426
391
177
106
235
0
600
360
726
3600
118
278
69
360
258
119
426
1200
504
1200
380
600
2475
600
69
600
120
36
360
64
391
590
177
106
235
0
600
360
726
3600
118
278
69
360
258
119
426
1200
504
1200
380
2475
600
69
600
120
36
360
590
64
391
43
28
106
149
0
600
360
177
69
3600
118
2475
726
278
258
600
1200
1200
380
600
600
119
120
36
504
69
600
120
120
426
391
177
3600
0
106
235
600
360
380
726
278
69
360
118
258
119
426
504
1200
1200
600
2475
600
69
600
43
120
6
36
360
64
